S:10,D:50,K:20
1. 13(980),30(241),42(278),52(10),63(503)
2. 16(314),65(375),66(91),94(64)
3. 1(355),7(777),23(411),25(928),29(715),53(337)
4. 6(423),61(477),71(57)
5. ()
6. 6(25),7(732),27(534),79(835),85(984)
7. 29(317),40(40),67(883),92(816),98(860)
8. 12(910),15(768),30(413),48(439),57(229)
9. 9(295),10(350),30(743)
10. 18(671),29(144),36(344),90(203),93(8)
11. 27(59),33(406),40(602),44(596),55(211),68(786),77(10),95(162)
12. 1(730),14(10),43(715),45(142),54(136),72(785),73(932),78(757)
13. 17(433),45(777),47(10),73(231),96(223)
14. 22(98),30(589),48(674),57(884),82(537),87(518),97(162)
15. 17(419),40(279),59(225)
16. 49(316),50(979),60(724),64(938)
17. 12(230),19(940),62(484),69(617),88(922)
18. 4(982),100(942)
19. 8(351),9(963),10(732),39(109),77(10)
20. 37(10),41(129),76(235),88(699)
21. 5(893),9(10),13(154),20(460),65(329),83(127),84(983),86(741),94(450)
22. 20(510),36(868),49(703),61(318),71(144),76(911),79(10)
23. 55(141),60(69),81(195)
24. 28(328),39(417),51(649),57(477),79(894),98(116)
25. 8(254),21(397),28(243),40(10),87(865)
26. 13(488),22(191),24(10),56(813),95(836),100(194)
27. 5(665),11(378),31(3),66(946),79(543)
28. 45(985),46(728),55(113),65(819),81(139),83(388),86(180)
29. 14(540),41(62)
30. 20(10),60(982),61(220),96(745)
31. 14(170),24(663),28(306),41(626),66(746),83(932)
32. 21(187),23(298),24(505),62(9),65(566),67(849),70(457),84(880)
33. 63(76),79(190),95(196),98(926)
34. 20(10),59(852),79(234),91(952)
35. 4(44),40(587),47(733),52(405),64(874),68(110),91(233),95(176)
36. 4(85),57(719),84(10)
37. 43(53),56(5),62(10),70(500),100(121)
38. 9(651),62(383),79(266)
39. 31(356),64(277),66(10),69(620),89(390)
40. 36(814),69(495),82(981),93(945)
41. 16(774),33(615),37(461),68(326)
42. 39(165),49(521),73(239),80(763),95(37)
43. 13(597),45(34)
44. 3(762),48(11),62(471),72(378),80(978),88(169),95(436)
45. 14(955),24(477),30(978),38(562),40(519),48(176),94(247)
46. 1(622),8(956),19(444)
47. 81(896),93(10)
48. 12(167),24(239),39(58),41(713),52(439),60(805),61(200),69(10)
49. 12(107),24(13),56(259),77(820),85(966)
50. 14(287),51(999),75(825),86(169),94(51)
51. 1(511),6(10),7(489),51(87),56(904),66(673),76(429),83(263),87(472),88(545),89(472)
52. 2(225),52(984),58(10)
53. 17(914),27(530),44(489),55(3),69(291),85(309)
54. 8(991),9(871),40(581),41(529),90(200)
55. 12(10),14(997),18(469),28(991),29(10),42(10),46(812),70(541)
56. 2(80),3(877),53(339),64(82)
57. 23(278),25(658),49(929),74(427),79(6),100(397)
58. 19(212),44(243),61(33),69(848),99(352)
59. 25(220),35(872),54(550),67(933),68(21),79(10)
60. 9(804),16(857),26(931),36(932)
61. 26(397),29(10),36(814),52(10),75(571),83(640),92(672)
62. 25(962),26(616),27(618),36(393),39(62),80(530),82(426)
63. 25(148),28(424),43(833),46(432),58(653),73(826),87(878)
64. 2(272),10(125),13(243),20(835),27(715),53(320)
65. 8(10),55(124),93(752),98(346)
66. 21(58),37(261),55(745),69(367)
67. 17(55),78(557),88(10),90(438),91(685)
68. 13(253),26(150),33(857),40(249),44(728),57(317),84(371),91(10)
69. 10(10),21(577),40(205),42(203),58(546)
70. 1(332),9(17),39(433),67(62),90(194)
71. 8(73),91(698),93(10)
72. 10(713),17(882),18(47),40(210),69(677),96(10)
73. 10(475),25(960),66(938)
74. 38(279),58(404),81(362),85(164),96(743)
75. 1(592),21(619),45(595),55(438),71(10),89(140),92(966)
76. 17(736),39(781),60(268),87(845),97(228)
77. 2(286),13(10),14(150),31(10),48(527),56(359),79(562)
78. 4(143),9(799),19(272),55(720),96(552)
79. 17(753),52(10),75(865),83(95)
80. 27(505),45(189),58(10),76(965),84(150),99(283)
81. 3(898),9(332),27(843),79(631),91(110)
82. 7(458),47(863),59(353),100(343)
83. 1(650),13(172),14(236),35(445),40(919),41(658),89(466)
84. 4(631),12(4),21(460),22(349),74(327)
85. 2(347),10(552),19(837),20(584),52(428),57(212),79(974),81(282),85(896),95(138),99(10),100(973)
86. 9(694),47(350),71(93),100(34)
87. 2(478),27(942),39(168)
88. 73(10),75(373)
89. 22(266),25(779),31(994),36(365),59(222),98(850)
90. 13(687),14(403),15(247),27(717),34(10),44(54),54(504),93(14)
91. 11(661),57(173),75(523),85(302)
92. 9(890),35(51),36(410),44(180),63(533),93(576)
93. 17(598),37(249),41(328),44(919),52(835),78(10),90(576)
94. 31(861),37(64),49(165),74(440)
95. 6(176),13(196),22(263),31(435),100(576)
96. 23(434),34(413),38(484),52(669),67(838),70(344),76(925)
97. 4(654),53(905)
98. 33(990),48(948),65(325),66(10)
99. 14(697),37(305),63(848),90(729),92(468)
100. 23(42),24(887),27(399),62(815),66(776),85(969)