S:10,D:20,K:5
1. 4(17.294082),5(8.382371),6(25.051600),8(22.275570),10(1.793084),12(15.489372),18(19.937445),20(25.634494),21(9.760654),23(18.176325),24(2.501409),26(6.263677),28(15.385927),30(20.898366)
2. 5(22.270926),10(23.386169),24(8.730476),28(27.470994),29(27.380992)
3. 3(5.702046),4(20.759302),8(6.365952),10(10.798877),12(12.096104),18(1.798341),19(16.549103),20(4.031489),21(28.237901),24(22.895984),26(26.864969),27(26.904426)
4. 6(8.404795),8(28.979514),14(8.025923),18(30.887649),19(2.330786),20(24.889917),21(28.169673),27(18.968405)
5. 3(6.723189),15(27.285782),16(22.913774),26(17.868371),30(14.721614)
6. 2(3.681705),6(2.052932),10(2.747287),11(5.617824),13(6.873011),15(19.179415),20(17.098144),22(22.104517),24(29.910515),26(18.061970),29(18.569073)
7. 1(12.663764),4(17.893838),7(29.060976),9(3.498268),12(1.344801),22(21.505722)
8. 1(28.022743),11(13.419316),14(30.338829),18(23.273151),22(2.510136)
9. 8(2.867982),12(27.015461),13(11.164211),21(22.414331)
10. 1(29.124199),2(4.106800),7(24.585238),8(22.367051),9(23.321639),16(19.785427),18(8.135247),19(11.323790),22(23.871489),26(3.529799),29(19.521927)
11. 1(20.115208),2(30.679630),5(2.934917),6(21.574268),7(24.919175),15(22.531697),16(17.117963),18(16.471220),19(24.185095),28(27.039982),29(24.244769)
12. 1(16.497045),2(3.651609),18(19.184849),21(7.777898),29(3.798133)
13. 3(6.142940),4(8.306887),7(22.655762),9(10.520580),11(26.612046),12(16.581530),13(3.550720),14(5.333975),18(3.646901),27(21.275715),29(10.858625)
14. 4(15.506668),5(17.949395),13(24.702996),14(9.908097),15(10.152387),16(23.963979),30(21.737736)
15. 1(19.129005),8(22.767645),11(3.709570),12(29.249795),14(9.907727),19(1.947252),21(4.841173),24(9.793911),29(6.334286)
16. 3(2.004957),7(26.074894),9(6.133859),11(20.531001),13(16.338089),14(2.353519),18(20.277290),20(19.108654),25(20.219117),30(8.731110)
17. 9(23.489672),10(27.644192),15(15.885107),19(10.973791),27(30.695050),28(23.373046),29(21.945418)
18. 1(30.902866),3(19.111304),6(11.248763),16(30.319555),19(5.369136),21(26.108223),27(7.125288),30(28.051726)
19. 1(6.026995),2(28.132136),6(29.758240),8(22.797979),19(28.832354),20(11.806792),22(4.660903)
20. 2(17.234028),4(29.916848),8(8.379336),10(15.867540),11(11.892812),12(4.172808),16(24.694681),17(21.956698),18(2.002281),19(1.223037),22(11.293813),25(8.138492),26(15.563660),27(6.417177),28(16.015580)
21. 3(9.371930),4(29.308334),6(19.376327),7(20.950127),9(30.963845),12(12.317759),19(13.737501),26(2.740010)
22. 1(1.947658),5(6.749163),9(22.702655),11(7.473049),16(5.390099),17(20.523463),18(9.257161),19(18.694463),26(12.634413)
23. 1(20.062286),3(17.646246),6(27.949167),11(13.930119),12(11.991516),23(20.865137),25(13.314636),28(30.054404)
24. 9(21.080705),10(25.595651),11(10.304097),18(11.102717),19(24.119225),26(21.742828)
25. 4(11.312186),9(23.778185),14(28.505295),15(21.230819),21(27.545158),28(21.090288)
26. 2(1.106206),6(1.247270),8(19.942341),9(5.342122),14(17.107101),15(1.548461),16(9.208383),18(16.805295),23(6.959888),27(22.580775),28(15.516587),29(16.007621)
27. 2(3.696345),4(8.454108),6(4.990025),7(7.254172),12(8.264064),14(14.924507),18(2.632305),19(24.777337),20(20.557492),27(25.174764),29(13.695640)
28. 4(8.653085),5(27.734635),10(30.723244),14(20.494391)
29. 2(12.290958),14(9.455313),17(23.712742),20(4.180687),22(23.003677),24(22.832979),25(13.647296),27(23.933931),28(1.452377)
30. 1(13.791088),2(12.698116),3(11.931232),7(29.949873),8(27.441467),9(13.111758),11(15.457724),20(8.998851),21(23.109179),27(22.353489),28(9.388696)